   -1000.000    -100.000       0.000  -0.8580921E-09  -0.9447255E-08  -0.2532735E-06   0.4235204E-06   0.3057656E-03   0.1077935E-02   0.5030281E-06  -0.2527859E-05  -0.1764787E-07  -0.5474707E-07  -0.1282124E-05  -0.2432974E-05
    -980.000    -100.000       0.000  -0.7331054E-09  -0.9374155E-08  -0.2729359E-06   0.4356746E-06   0.3165083E-03   0.1116202E-02   0.5605775E-06  -0.2595517E-05  -0.1664350E-07  -0.5401085E-07  -0.1302412E-05  -0.2588694E-05
    -960.000    -100.000       0.000  -0.6019438E-09  -0.9271249E-08  -0.2938932E-06   0.4479698E-06   0.3274041E-03   0.1155063E-02   0.6213530E-06  -0.2663981E-05  -0.1555460E-07  -0.5308672E-07  -0.1321315E-05  -0.2754470E-05
    -940.000    -100.000       0.000  -0.4648264E-09  -0.9136365E-08  -0.3162287E-06   0.4603880E-06   0.3384281E-03   0.1194436E-02   0.6854578E-06  -0.2733190E-05  -0.1437886E-07  -0.5196202E-07  -0.1338633E-05  -0.2931030E-05
    -920.000    -100.000       0.000  -0.3219895E-09  -0.8967447E-08  -0.3400320E-06   0.4729094E-06   0.3495519E-03   0.1234224E-02   0.7529911E-06  -0.2803082E-05  -0.1311417E-07  -0.5062379E-07  -0.1354150E-05  -0.3119174E-05
    -900.000    -100.000       0.000  -0.1738093E-09  -0.8762135E-08  -0.3653991E-06   0.4855117E-06   0.3607437E-03   0.1274320E-02   0.8240469E-06  -0.2873591E-05  -0.1175865E-07  -0.4905882E-07  -0.1367634E-05  -0.3319773E-05
    -880.000    -100.000       0.000  -0.2058232E-10  -0.8518268E-08  -0.3924334E-06   0.4981703E-06   0.3719678E-03   0.1314604E-02   0.8987125E-06  -0.2944649E-05  -0.1031068E-07  -0.4725359E-07  -0.1378834E-05  -0.3533789E-05
    -860.000    -100.000       0.000   0.1371717E-09  -0.8233782E-08  -0.4212457E-06   0.5108582E-06   0.3831845E-03   0.1354941E-02   0.9770667E-06  -0.3016192E-05  -0.8768906E-08  -0.4519430E-07  -0.1387482E-05  -0.3762276E-05
    -840.000    -100.000       0.000   0.2988035E-09  -0.7906225E-08  -0.4519560E-06   0.5235455E-06   0.3943501E-03   0.1395182E-02   0.1059178E-05  -0.3088155E-05  -0.7132325E-08  -0.4286683E-07  -0.1393291E-05  -0.4006403E-05
    -820.000    -100.000       0.000   0.4636381E-09  -0.7533805E-08  -0.4846935E-06   0.5361998E-06   0.4054167E-03   0.1435163E-02   0.1145104E-05  -0.3160480E-05  -0.5400279E-08  -0.4025661E-07  -0.1395951E-05  -0.4267462E-05
    -800.000    -100.000       0.000   0.6308745E-09  -0.7114154E-08  -0.5195985E-06   0.5487853E-06   0.4163320E-03   0.1474706E-02   0.1234886E-05  -0.3233115E-05  -0.3572500E-08  -0.3734852E-07  -0.1395136E-05  -0.4546891E-05
    -780.000    -100.000       0.000   0.7994250E-09  -0.6645596E-08  -0.5568227E-06   0.5612635E-06   0.4270394E-03   0.1513614E-02   0.1328548E-05  -0.3306021E-05  -0.1649142E-08  -0.3412667E-07  -0.1390495E-05  -0.4846297E-05
    -760.000    -100.000       0.000   0.9681213E-09  -0.6126017E-08  -0.5965313E-06   0.5735922E-06   0.4374776E-03   0.1551678E-02   0.1426097E-05  -0.3379175E-05   0.3691950E-09  -0.3057403E-07  -0.1381660E-05  -0.5167475E-05
    -740.000    -100.000       0.000   0.1135527E-08  -0.5554000E-08  -0.6389044E-06   0.5857263E-06   0.4475813E-03   0.1588671E-02   0.1527513E-05  -0.3452575E-05   0.2481437E-08  -0.2667203E-07  -0.1368239E-05  -0.5512448E-05
    -720.000    -100.000       0.000   0.1299818E-08  -0.4927926E-08  -0.6841387E-06   0.5976167E-06   0.4572806E-03   0.1624351E-02   0.1632750E-05  -0.3526252E-05   0.4686021E-08  -0.2239979E-07  -0.1349822E-05  -0.5883499E-05
    -700.000    -100.000       0.000   0.1458840E-08  -0.4246637E-08  -0.7324502E-06   0.6092109E-06   0.4665016E-03   0.1658459E-02   0.1741734E-05  -0.3600274E-05   0.6980887E-08  -0.1773325E-07  -0.1325977E-05  -0.6283215E-05
    -680.000    -100.000       0.000   0.1610065E-08  -0.3508897E-08  -0.7840760E-06   0.6204525E-06   0.4751663E-03   0.1690724E-02   0.1854353E-05  -0.3674762E-05   0.9363482E-08  -0.1264385E-07  -0.1296256E-05  -0.6714548E-05
    -660.000    -100.000       0.000   0.1750117E-08  -0.2714225E-08  -0.8392782E-06   0.6312813E-06   0.4831932E-03   0.1720860E-02   0.1970453E-05  -0.3749904E-05   0.1183078E-07  -0.7096690E-08  -0.1260194E-05  -0.7180872E-05
    -640.000    -100.000       0.000   0.1875377E-08  -0.1861928E-08  -0.8983468E-06   0.6416333E-06   0.4904974E-03   0.1748568E-02   0.2089840E-05  -0.3825975E-05   0.1437934E-07  -0.1048118E-08  -0.1217312E-05  -0.7686073E-05
    -620.000    -100.000       0.000   0.1980906E-08  -0.9521425E-09  -0.9616047E-06   0.6514403E-06   0.4969913E-03   0.1773539E-02   0.2212263E-05  -0.3903358E-05   0.1700537E-07   0.5557613E-08  -0.1167125E-05  -0.8234643E-05
    -600.000    -100.000       0.000   0.2060651E-08   0.1481565E-10  -0.1029412E-05   0.6606308E-06   0.5025849E-03   0.1795455E-02   0.2337417E-05  -0.3982581E-05   0.1970485E-07   0.1279286E-07  -0.1109140E-05  -0.8831808E-05
    -580.000    -100.000       0.000   0.2106929E-08   0.1038297E-08  -0.1102174E-05   0.6691288E-06   0.5071868E-03   0.1813989E-02   0.2464929E-05  -0.4064353E-05   0.2247377E-07   0.2075269E-07  -0.1042870E-05  -0.9483678E-05
    -560.000    -100.000       0.000   0.2110453E-08   0.2117225E-08  -0.1180346E-05   0.6768551E-06   0.5107046E-03   0.1828812E-02   0.2594357E-05  -0.4149619E-05   0.2530832E-07   0.2956312E-07  -0.9678408E-06  -0.1019745E-04
    -540.000    -100.000       0.000   0.2059398E-08   0.3250083E-08  -0.1264444E-05   0.6837267E-06   0.5130460E-03   0.1839591E-02   0.2725175E-05  -0.4239622E-05   0.2820535E-07   0.3939228E-07  -0.8836001E-06  -0.1098163E-04
    -520.000    -100.000       0.000   0.1938824E-08   0.4434518E-08  -0.1355059E-05   0.6896581E-06   0.5141196E-03   0.1845997E-02   0.2856768E-05  -0.4336001E-05   0.3116292E-07   0.5046541E-07  -0.7897370E-06  -0.1184637E-04
    -500.000    -100.000       0.000   0.1729973E-08   0.5668637E-08  -0.1452865E-05   0.6945609E-06   0.5138360E-03   0.1847703E-02   0.2988421E-05  -0.4440899E-05   0.3418106E-07   0.6308526E-07  -0.6858991E-06  -0.1280388E-04
    -480.000    -100.000       0.000   0.1409231E-08   0.6949091E-08  -0.1558643E-05   0.6983450E-06   0.5121091E-03   0.1844394E-02   0.3119304E-05  -0.4557130E-05   0.3726287E-07   0.7765973E-07  -0.5718189E-06  -0.1386890E-04
    -460.000    -100.000       0.000   0.9462394E-09   0.8272625E-08  -0.1673297E-05   0.7009190E-06   0.5088570E-03   0.1835768E-02   0.3248464E-05  -0.4688383E-05   0.4041613E-07   0.9473933E-07  -0.4473468E-06  -0.1505941E-04
    -440.000    -100.000       0.000   0.3033906E-09   0.9635946E-08  -0.1797889E-05   0.7021922E-06   0.5040033E-03   0.1821537E-02   0.3374801E-05  -0.4839523E-05   0.4365540E-07   0.1150684E-06  -0.3124944E-06  -0.1639753E-04
    -420.000    -100.000       0.000  -0.5675104E-09   0.1103470E-07  -0.1933670E-05   0.7020755E-06   0.4974785E-03   0.1801440E-02   0.3497053E-05  -0.5016992E-05   0.4700514E-07   0.1396549E-06  -0.1674933E-06  -0.1791072E-04
    -400.000    -100.000       0.000  -0.1726678E-08   0.1246515E-07  -0.2082128E-05   0.7004838E-06   0.4892215E-03   0.1775240E-02   0.3613763E-05  -0.5229379E-05   0.5050408E-07   0.1698667E-06  -0.1287329E-07  -0.1963337E-04
    -380.000    -100.000       0.000  -0.3250020E-08   0.1392276E-07  -0.2245051E-05   0.6973389E-06   0.4791804E-03   0.1742731E-02   0.3723236E-05  -0.5488247E-05   0.5421132E-07   0.2075635E-06   0.1504289E-06  -0.2160909E-04
    -360.000    -100.000       0.000  -0.5232409E-08   0.1540338E-07  -0.2424608E-05   0.6925733E-06   0.4673143E-03   0.1703746E-02   0.3823483E-05  -0.5809319E-05   0.5821523E-07   0.2552805E-06   0.3209171E-06  -0.2389371E-04
    -340.000    -100.000       0.000  -0.7792072E-08   0.1690258E-07  -0.2623461E-05   0.6861347E-06   0.4535943E-03   0.1658157E-02   0.3912117E-05  -0.6214254E-05   0.6264602E-07   0.3164837E-06   0.4963145E-06  -0.2655971E-04
    -320.000    -100.000       0.000  -0.1107541E-07   0.1841657E-07  -0.2844910E-05   0.6779951E-06   0.4380044E-03   0.1605882E-02   0.3986203E-05  -0.6733347E-05   0.6769409E-07   0.3959275E-06   0.6732368E-06  -0.2970247E-04
    -300.000    -100.000       0.000  -0.1526076E-07   0.1994100E-07  -0.3093106E-05   0.6681589E-06   0.4205433E-03   0.1546887E-02   0.4041990E-05  -0.7409723E-05   0.7363663E-07   0.5001600E-06   0.8466928E-06  -0.3344944E-04
    -280.000    -100.000       0.000  -0.2056205E-07   0.2147220E-07  -0.3373350E-05   0.6566799E-06   0.4012241E-03   0.1481192E-02   0.4074459E-05  -0.8306049E-05   0.8087679E-07   0.6382418E-06   0.1009300E-05  -0.3797389E-04
    -260.000    -100.000       0.000  -0.2723179E-07   0.2300480E-07  -0.3692511E-05   0.6436840E-06   0.3800761E-03   0.1408871E-02   0.4076516E-05  -0.9515613E-05   0.9000209E-07   0.8227785E-06   0.1150010E-05  -0.4351596E-04
    -240.000    -100.000       0.000  -0.3555470E-07   0.2453229E-07  -0.4059670E-05   0.6294039E-06   0.3571447E-03   0.1330059E-02   0.4037493E-05  -0.1118125E-04   0.1018729E-06   0.1071424E-05   0.1251982E-05  -0.5041579E-04
    -220.000    -100.000       0.000  -0.4583317E-07   0.2604371E-07  -0.4487077E-05   0.6142405E-06   0.3324915E-03   0.1244948E-02   0.3940267E-05  -0.1352897E-04   0.1177602E-06   0.1409104E-05   0.1288875E-05  -0.5916714E-04
    -200.000    -100.000       0.000  -0.5834809E-07   0.2751979E-07  -0.4991665E-05   0.5988570E-06   0.3061947E-03   0.1153791E-02   0.3755451E-05  -0.1693060E-04   0.1395672E-06   0.1871384E-05   0.1218192E-05  -0.7050738E-04
    -180.000    -100.000       0.000  -0.7328117E-07   0.2892306E-07  -0.5597508E-05   0.5843544E-06   0.2783482E-03   0.1056901E-02   0.3428994E-05  -0.2202666E-04   0.1702081E-06   0.2509748E-05   0.9688124E-06  -0.8557365E-04
    -160.000    -100.000       0.000  -0.9055393E-07   0.3018502E-07  -0.6339957E-05   0.5725814E-06   0.2490611E-03   0.9546505E-03   0.2853904E-05  -0.2998299E-04   0.2142987E-06   0.3400295E-05   0.4166673E-06  -0.1061856E-03
    -140.000    -100.000       0.000  -0.1095209E-06   0.3117410E-07  -0.7272926E-05   0.5667367E-06   0.2184565E-03   0.8474676E-03   0.1800405E-05  -0.4306748E-04   0.2795263E-06   0.4659060E-05  -0.6645088E-06  -0.1353795E-03
    -120.000    -100.000       0.000  -0.1283543E-06   0.3163451E-07  -0.8482277E-05   0.5725468E-06   0.1866691E-03   0.7358352E-03  -0.2741327E-06  -0.6606644E-04   0.3795318E-06   0.6471137E-05  -0.2705121E-05  -0.1784560E-03
    -100.000    -100.000       0.000  -0.1427478E-06   0.3104073E-07  -0.1011136E-04   0.6006439E-06   0.1538432E-03   0.6202855E-03  -0.4807637E-05  -0.1101634E-03   0.5397978E-06   0.9148863E-05  -0.6540014E-05  -0.2450679E-03
     -80.000    -100.000       0.000  -0.1427814E-06   0.2817175E-07  -0.1240990E-04   0.6708832E-06   0.1201278E-03   0.5013957E-03  -0.1619394E-04  -0.2050958E-03   0.8043898E-06   0.1323702E-04  -0.1362942E-04  -0.3529263E-03
     -60.000    -100.000       0.000  -0.1037036E-06   0.1959535E-07  -0.1580946E-04   0.8136738E-06   0.8567087E-04   0.3797820E-03  -0.5029627E-04  -0.4438178E-03   0.1173102E-05   0.1950039E-04  -0.2405749E-04  -0.5278502E-03
     -40.000    -100.000       0.000   0.4756285E-07  -0.6641557E-08  -0.2077551E-04   0.9740959E-06   0.5065206E-04   0.2561104E-03  -0.1696856E-03  -0.1164746E-02   0.4411201E-06   0.2578456E-04   0.7438171E-07  -0.7051448E-03
     -20.000    -100.000       0.000   0.5328132E-06  -0.7974808E-07  -0.2371991E-04  -0.3901846E-06  -0.6315976E-03  -0.4928780E-03  -0.3221190E-03  -0.3059281E-02  -0.1632509E-04  -0.1473431E-04   0.5288756E-03   0.5851274E-03
       0.000    -100.000       0.000   0.1131577E-05   0.2949706E-07   0.6796625E-07  -0.6052431E-05   0.1219494E-01  -0.3392556E-02   0.1295650E-02   0.3589730E-06   0.1640190E-06  -0.1499223E-03   0.9728085E-05   0.4846365E-02
      20.000    -100.000       0.000   0.5326050E-06   0.1401758E-06   0.2368453E-04  -0.5291669E-06  -0.2836828E-03   0.7474321E-03  -0.3261876E-03   0.3059695E-02   0.1660946E-04  -0.1472429E-04  -0.5109383E-03   0.5854837E-03
      40.000    -100.000       0.000   0.4758990E-07   0.6695307E-07   0.2075593E-04   0.6672634E-06  -0.8658831E-04  -0.2459950E-03  -0.1757322E-03   0.1164932E-02  -0.2189392E-06   0.2579209E-04   0.1550392E-04  -0.7048339E-03
      60.000    -100.000       0.000  -0.1037273E-06   0.4073364E-07   0.1579206E-04   0.3789592E-06  -0.1211421E-03  -0.3698270E-03  -0.5730843E-04   0.4439205E-03  -0.9926351E-06   0.1950503E-04   0.3772261E-04  -0.5276059E-03
      80.000    -100.000       0.000  -0.1428609E-06   0.3179771E-07   0.1239427E-04   0.1218748E-06  -0.1549105E-03  -0.4916608E-03  -0.2378127E-04   0.2051622E-03  -0.6490665E-06   0.1323975E-04   0.2576271E-04  -0.3527260E-03
     100.000    -100.000       0.000  -0.1428803E-06   0.2819193E-07   0.1009722E-04  -0.5144619E-07  -0.1877546E-03  -0.6108115E-03  -0.1278207E-04   0.1102100E-03  -0.3990365E-06   0.9150409E-05   0.1738938E-04  -0.2448962E-03
     120.000    -100.000       0.000  -0.1285347E-06   0.2651245E-07   0.8469443E-05  -0.1729425E-06  -0.2195367E-03  -0.7266637E-03  -0.8523357E-05   0.6609980E-04  -0.2468659E-06   0.6471975E-05   0.1243557E-04  -0.1783039E-03
     140.000    -100.000       0.000  -0.1097429E-06   0.2557814E-07   0.7261282E-05  -0.2635021E-06  -0.2501196E-03  -0.8386394E-03  -0.6644604E-05   0.4309092E-04  -0.1511804E-06   0.4659500E-05   0.9392083E-05  -0.1352416E-03
     160.000    -100.000       0.000  -0.9081201E-07   0.2490145E-07   0.6329410E-05  -0.3344923E-06  -0.2793727E-03  -0.9462039E-03  -0.5724609E-05   0.2999825E-04  -0.8823782E-07   0.3400535E-05   0.7394462E-05  -0.1060587E-03
     180.000    -100.000       0.000  -0.7357051E-07   0.2426381E-07   0.5587989E-05  -0.3921982E-06  -0.3071759E-03  -0.1048871E-02  -0.5230268E-05   0.2203481E-04  -0.4550150E-07   0.2509912E-05   0.5993971E-05  -0.8545553E-04
     200.000    -100.000       0.000  -0.5866446E-07   0.2356663E-07   0.4983115E-05  -0.4402648E-06  -0.3334222E-03  -0.1146209E-02  -0.4937992E-05   0.1693239E-04  -0.1596500E-07   0.1871547E-05   0.4952786E-05  -0.7039680E-04
     220.000    -100.000       0.000  -0.4617180E-07   0.2277063E-07   0.4479443E-05  -0.4809223E-06  -0.3580192E-03  -0.1237841E-02  -0.4745389E-05   0.1352499E-04   0.4585988E-08   0.1409308E-05   0.4139469E-05  -0.5906326E-04
     240.000    -100.000       0.000  -0.3591270E-07   0.2186637E-07   0.4052907E-05  -0.5156095E-06  -0.3808902E-03  -0.1323450E-02  -0.4602250E-05   0.1117203E-04   0.1884503E-07   0.1071692E-05   0.3478146E-05  -0.5031806E-04
     260.000    -100.000       0.000  -0.2760520E-07   0.2085895E-07   0.3686575E-05  -0.5453025E-06  -0.4019744E-03  -0.1402777E-02  -0.4482679E-05   0.9501639E-05   0.2861049E-07   0.8231191E-06   0.2923218E-05  -0.4342403E-04
     280.000    -100.000       0.000  -0.2094767E-07   0.1976047E-07   0.3368198E-05  -0.5706966E-06  -0.4212275E-03  -0.1475625E-02  -0.4372886E-05   0.8287793E-05   0.3511999E-07   0.6386561E-06   0.2446250E-05  -0.3788750E-04
     300.000    -100.000       0.000  -0.1565534E-07   0.1858543E-07   0.3088699E-05  -0.5923130E-06  -0.4386211E-03  -0.1541856E-02  -0.4265445E-05   0.7387648E-05   0.3924384E-07   0.5006446E-06   0.2028911E-05  -0.3336840E-04
     320.000    -100.000       0.000  -0.1147692E-07   0.1734998E-07   0.2841205E-05  -0.6105579E-06  -0.4541426E-03  -0.1601391E-02  -0.4156439E-05   0.6707907E-05   0.4160427E-07   0.3964761E-06   0.1658992E-05  -0.2962663E-04
     340.000    -100.000       0.000  -0.8197445E-08   0.1606840E-07   0.2620421E-05  -0.6257615E-06  -0.4677942E-03  -0.1654206E-02  -0.4043952E-05   0.6185890E-05   0.4265217E-07   0.3170889E-06   0.1328110E-05  -0.2648894E-04
     360.000    -100.000       0.000  -0.5638714E-08   0.1475485E-07   0.2422194E-05  -0.6382013E-06  -0.4795925E-03  -0.1700330E-02  -0.3927235E-05   0.5778455E-05   0.4271814E-07   0.2559344E-06   0.1030318E-05  -0.2382786E-04
     380.000    -100.000       0.000  -0.3655159E-08   0.1342212E-07   0.2243222E-05  -0.6481173E-06  -0.4895667E-03  -0.1739841E-02  -0.3806230E-05   0.5455290E-05   0.4204727E-07   0.2082582E-06   0.7612604E-06  -0.2154803E-04
     400.000    -100.000       0.000  -0.2128611E-08   0.1208192E-07   0.2080848E-05  -0.6557223E-06  -0.4977585E-03  -0.1772864E-02  -0.3681281E-05   0.5194711E-05   0.4082313E-07   0.1705947E-06   0.5176337E-06  -0.1957694E-04
     420.000    -100.000       0.000  -0.9642215E-09   0.1074444E-07   0.1932902E-05  -0.6612084E-06  -0.5042199E-03  -0.1799564E-02  -0.3552961E-05   0.4980969E-05   0.3918460E-07   0.1404091E-06   0.2968466E-06  -0.1785875E-04
     440.000    -100.000       0.000  -0.8609577E-10   0.9419170E-08   0.1797597E-05  -0.6647503E-06  -0.5090126E-03  -0.1820143E-02  -0.3421958E-05   0.4802477E-05   0.3723783E-07   0.1158423E-06   0.9679671E-07  -0.1634986E-04
     460.000    -100.000       0.000   0.5655794E-09   0.8113881E-08   0.1673445E-05  -0.6665099E-06  -0.5122064E-03  -0.1834836E-02  -0.3289007E-05   0.4650616E-05   0.3506475E-07   0.9552706E-07  -0.8427643E-07  -0.1501585E-04
     480.000    -100.000       0.000   0.1038946E-08   0.6836161E-08   0.1559197E-05  -0.6666374E-06  -0.5138777E-03  -0.1843902E-02  -0.3154844E-05   0.4518915E-05   0.3272922E-07   0.7845582E-07  -0.2478883E-06  -0.1382927E-04
     500.000    -100.000       0.000   0.1371610E-08   0.5591883E-08   0.1453793E-05  -0.6652731E-06  -0.5141088E-03  -0.1847627E-02  -0.3020177E-05   0.4402485E-05   0.3028151E-07   0.6388482E-07  -0.3953746E-06  -0.1276798E-04
     520.000    -100.000       0.000   0.1593279E-08   0.4386157E-08   0.1356329E-05  -0.6625482E-06  -0.5129860E-03  -0.1846312E-02  -0.2885670E-05   0.4297607E-05   0.2776158E-07   0.5126403E-07  -0.5279355E-06  -0.1181401E-04
     540.000    -100.000       0.000   0.1727578E-08   0.3224212E-08   0.1266027E-05  -0.6585860E-06  -0.5105987E-03  -0.1840272E-02  -0.2751932E-05   0.4201444E-05   0.2520142E-07   0.4018602E-07  -0.6466650E-06  -0.1095260E-04
     560.000    -100.000       0.000   0.1793256E-08   0.2108899E-08   0.1182211E-05  -0.6535020E-06  -0.5070383E-03  -0.1829832E-02  -0.2619511E-05   0.4111826E-05   0.2262693E-07   0.3034846E-07  -0.7525715E-06  -0.1017156E-04
     580.000    -100.000       0.000   0.1805008E-08   0.1043844E-08   0.1104295E-05  -0.6474047E-06  -0.5023974E-03  -0.1815322E-02  -0.2488894E-05   0.4027094E-05   0.2005913E-07   0.2152650E-07  -0.8465916E-06  -0.9460740E-05
     600.000    -100.000       0.000   0.1774496E-08   0.3115386E-10   0.1031764E-05  -0.6403960E-06  -0.4967680E-03  -0.1797073E-02  -0.2360507E-05   0.3945983E-05   0.1751527E-07   0.1355239E-07  -0.9295999E-06  -0.8811630E-05
     620.000    -100.000       0.000   0.1711054E-08  -0.9274398E-09   0.9641620E-06  -0.6325713E-06  -0.4902418E-03  -0.1775417E-02  -0.2234716E-05   0.3867527E-05   0.1500947E-07   0.6300435E-08  -0.1002416E-05  -0.8217040E-05
     640.000    -100.000       0.000   0.1622075E-08  -0.1830737E-08   0.9010865E-06  -0.6240202E-06  -0.4829086E-03  -0.1750679E-02  -0.2111835E-05   0.3791002E-05   0.1255340E-07  -0.3241101E-09  -0.1065809E-05  -0.7670866E-05
     660.000    -100.000       0.000   0.1513168E-08  -0.2678030E-08   0.8421784E-06  -0.6148259E-06  -0.4748559E-03  -0.1723179E-02  -0.1992122E-05   0.3715863E-05   0.1015663E-07  -0.6393314E-08  -0.1120501E-05  -0.7167890E-05
     680.000    -100.000       0.000   0.1389338E-08  -0.3469029E-08   0.7871165E-06  -0.6050669E-06  -0.4661685E-03  -0.1693227E-02  -0.1875791E-05   0.3641712E-05   0.7827018E-08  -0.1196265E-07  -0.1167172E-05  -0.6703626E-05
     700.000    -100.000       0.000   0.1254343E-08  -0.4203963E-08   0.7356118E-06  -0.5948158E-06  -0.4569278E-03  -0.1661122E-02  -0.1763009E-05   0.3568261E-05   0.5570961E-08  -0.1707553E-07  -0.1206459E-05  -0.6274197E-05
     720.000    -100.000       0.000   0.1111326E-08  -0.4883410E-08   0.6874036E-06  -0.5841404E-06  -0.4472116E-03  -0.1627151E-02  -0.1653907E-05   0.3495312E-05   0.3393618E-08  -0.2176661E-07  -0.1238963E-05  -0.5876233E-05
     740.000    -100.000       0.000   0.9627322E-09  -0.5508260E-08   0.6422559E-06  -0.5731038E-06  -0.4370938E-03  -0.1591589E-02  -0.1548579E-05   0.3422732E-05   0.1299071E-08  -0.2606424E-07  -0.1265244E-05  -0.5506793E-05
     760.000    -100.000       0.000   0.8107379E-09  -0.6079607E-08   0.5999541E-06  -0.5617642E-06  -0.4266439E-03  -0.1554692E-02  -0.1447088E-05   0.3350445E-05  -0.7095296E-09  -0.2999230E-07  -0.1285829E-05  -0.5163297E-05
     780.000    -100.000       0.000   0.6569130E-09  -0.6598922E-08   0.5603024E-06  -0.5501757E-06  -0.4159273E-03  -0.1516705E-02  -0.1349469E-05   0.3278412E-05  -0.2629852E-08  -0.3357146E-07  -0.1301211E-05  -0.4843469E-05
     800.000    -100.000       0.000   0.5026957E-09  -0.7067658E-08   0.5231220E-06  -0.5383883E-06  -0.4050050E-03  -0.1477857E-02  -0.1255733E-05   0.3206627E-05  -0.4460282E-08  -0.3682014E-07  -0.1311849E-05  -0.4545294E-05
     820.000    -100.000       0.000   0.3493351E-09  -0.7487769E-08   0.4882486E-06  -0.5264480E-06  -0.3939335E-03  -0.1438358E-02  -0.1165869E-05   0.3135108E-05  -0.6199840E-08  -0.3975520E-07  -0.1318174E-05  -0.4266984E-05
     840.000    -100.000       0.000   0.1977447E-09  -0.7860941E-08   0.4555314E-06  -0.5143971E-06  -0.3827648E-03  -0.1398405E-02  -0.1079849E-05   0.3063889E-05  -0.7848110E-08  -0.4239241E-07  -0.1320586E-05  -0.4006939E-05
     860.000    -100.000       0.000   0.4876371E-10  -0.8189452E-08   0.4248312E-06  -0.5022743E-06  -0.3715467E-03  -0.1358178E-02  -0.9976271E-06   0.2993017E-05  -0.9405172E-08  -0.4474677E-07  -0.1319458E-05  -0.3763730E-05
     880.000    -100.000       0.000  -0.9688522E-10  -0.8475063E-08   0.3960195E-06  -0.4901152E-06  -0.3603229E-03  -0.1317843E-02  -0.9191454E-06   0.2922547E-05  -0.1087154E-07  -0.4683271E-07  -0.1315137E-05  -0.3536068E-05
     900.000    -100.000       0.000  -0.2386248E-09  -0.8720233E-08   0.3689774E-06  -0.4779522E-06  -0.3491328E-03  -0.1277550E-02  -0.8443339E-06   0.2852540E-05  -0.1224814E-07  -0.4866427E-07  -0.1307945E-05  -0.3322794E-05
     920.000    -100.000       0.000  -0.3761271E-09  -0.8926924E-08   0.3435946E-06  -0.4658149E-06  -0.3380119E-03  -0.1237434E-02  -0.7731133E-06   0.2783058E-05  -0.1353620E-07  -0.5025515E-07  -0.1298179E-05  -0.3122856E-05
     940.000    -100.000       0.000  -0.5087840E-09  -0.9097381E-08   0.3197685E-06  -0.4537297E-06  -0.3269920E-03  -0.1197617E-02  -0.7053963E-06   0.2714167E-05  -0.1473727E-07  -0.5161879E-07  -0.1286117E-05  -0.2935301E-05
     960.000    -100.000       0.000  -0.6363515E-09  -0.9233832E-08   0.2974040E-06  -0.4417211E-06  -0.3161013E-03  -0.1158207E-02  -0.6410895E-06   0.2645931E-05  -0.1585317E-07  -0.5276834E-07  -0.1272015E-05  -0.2759261E-05
     980.000    -100.000       0.000  -0.7586277E-09  -0.9338451E-08   0.2764120E-06  -0.4298107E-06  -0.3053647E-03  -0.1119302E-02  -0.5800941E-06   0.2578411E-05  -0.1688592E-07  -0.5371669E-07  -0.1256108E-05  -0.2593944E-05
    1000.000    -100.000       0.000  -0.8753803E-09  -0.9413219E-08   0.2567097E-06  -0.4180180E-06  -0.2948037E-03  -0.1080984E-02  -0.5223080E-06   0.2511666E-05  -0.1783774E-07  -0.5447644E-07  -0.1238614E-05  -0.2438624E-05
